0  jeep        1   0   0 0   0 30 5 15 100 0   0 N N 0 0 0 0 1 2 64 96
1  jeep-seat1  0 -13   7 0   0 0  0  0   0 0   0 N P 1 1 0 0 1 0 0 0
2  jeep-seat2  0  13   7 0   0 0  0  0   0 0   0 N N 1 1 0 0 1 0 0 0
3  light-tank  2   0   0 0   0 20 5 10 175 0   0 N N 0 0 0 0 1 1 96 128
4  lt-turret   3   0  -8 0 -30 0  0 10   0 13 20 B P 1 0 0 0 1 1 0 0
5  ltt-mgun    4 -12  37 0   0 0  0 90   0 0   1 B N 1 0 0 0 1 0 0 0
6  hvy-tank    5   0   0 0   0 20 4 10 250 0   0 N N 0 0 0 0 1 1 128 192
7  ht-turret   6   0   0 0 -37 0  0 10   0 13 18 B P 1 0 0 0 1 2 0 0
8  htt-mgun1   4 -18  34 0   0 0  0 90   0 0   1 B N 1 0 0 0 1 0 0 0
9  htt-mgun2   4  18  34 0   0 0  0 90   0 0   1 B N 1 0 0 0 1 0 0 0
10 dgun-base   7   0   0 0   0 0  0  0  75 0   0 N N 0 0 0 0 1 1 32 32
11 dgun-turr   8   0   0 0 -16 0  0 90   0 15  8 N N 0 0 0 0 1 1 0 0
12 dgun-hum    0   0  44 0   0 0  0  0   0 0   0 P N 1 1 0 0 1 0 0 0
13 aagun-base  7   0   0 0   0 0  0  0  75 0   0 N N 0 0 0 0 1 1 32 32
14 aagun-turr  9   0   0 0 -16 0  0 90   0 14  1 N N 0 0 0 0 1 1 0 0
15 aagun-hum   0   0  44 0   0 0  0  0   0 0   0 P N 1 1 0 0 1 0 0 0
16 lander     10   0   0 0   0 30 5 15  75 0   0 N N 0 0 1 0 1 4 64 96
17 lander-s1   0  14  28 0   0 0  0  0   0 4  20 B P 1 1 0 0 1 0 0 0
18 lander-s2   4 -14  28 0   0 0  0 90   0 0   1 B N 1 0 0 0 1 0 0 0
19 lander-s3   0  17 -16 0   0 0  0  0   0 0   0 N N 1 1 0 0 1 0 0 0
20 lander-s4   0 -17 -16 0   0 0  0  0   0 0   0 N N 1 1 0 0 1 0 0 0
21 gunboat    11   0   0 0   0 9  3  5 175 0   0 N N 0 0 1 0 2 3 128 512
22 gb1-base    7   0 -100 0  0 0  0  0   0 0   0 N N 0 0 0 0 .5 1 0 0
23 gb1-turr    8   0   0 0 -16 0  0 90   0 17 15 N N 0 0 0 0 1 1 0 0
24 gb1-hum     0   0  44 0   0 0  0  0   0 0   0 P Q 1 1 0 0 1 0 0 0
25 gbaa-base   7   0 -50 0   0 0  0  0   0 0   0 N N 0 0 0 0 .5 1 0 0
26 gbaa-turr   9   0   0 0 -16 0  0 90   0 14  1 N N 0 0 0 0 1 1 0 0
27 gbaa-hum    0   0  44 0   0 0  0  0   0 0   0 P N 1 1 0 0 1 0 0 0
28 gb2-base    7   0 100 0   0 0  0  0   0 0   0 N N 0 0 0 0 .5 1 0 0
29 gb2-turr    8   0   0 0 -16 0  0 90   0 17 15 N N 0 0 0 0 1 1 0 0
30 gb2-hum     0   0  44 0   0 0  0  0   0 0   0 P N 1 1 0 0 1 0 0 0
31 battleship 12   0   0 0   0 9  3  2 255 0   0 N N 0 0 1 0 1.5 4 192 768
32 bs1-base    7   0 -205 0  0 0  0  0   0 0   0 N N 0 0 0 0 .667 1 0 0
33 bs1-turr    8   0   0 0 -16 0  0 90   0 17 15 N N 0 0 0 0 1 1 0 0
34 bs1-hum     0   0  44 0   0 0  0  0   0 0   0 P Q 1 1 0 0 1 0 0 0
35 bsa1-base   7   0 -159 0  0 0  0  0   0 0   0 N N 0 0 0 0 .667 1 0 0
36 bsa1-turr   9   0   0 0 -16 0  0 90   0 14  1 N N 0 0 0 0 1 1 0 0
37 bsa1-hum    0   0  44 0   0 0  0  0   0 0   0 P N 1 1 0 0 1 0 0 0
38 bs2-base    7   0 100 0   0 0  0  0   0 0   0 N N 0 0 0 0 .667 1 0 0
39 bs2-turr    8   0   0 0 -16 0  0 90   0 17 15 N N 0 0 0 0 1 1 0 0
40 bs2-hum     0   0  44 0   0 0  0  0   0 0   0 P N 1 1 0 0 1 0 0 0
41 bsa2-base   7   0 165 0   0 0  0  0   0 0   0 N N 0 0 0 0 .667 1 0 0
42 bsa2-turr   9   0   0 0 -16 0  0 90   0 14  1 N N 0 0 0 0 1 1 0 0
43 bsa2-hum    0   0  44 0   0 0  0  0   0 0   0 P N 1 1 0 0 1 0 0 0
44 fighter    13   0   0 0   0 60 4 20  75 14  1 B B 1 0 0 1 1 0 128 128
45 bomber     14   0   0 0   0 45 3 15 125 16  5 B B 1 0 0 1 1 1 181 181
46 tailgun    15   0   0 0   0 0  0 90   0 14  1 B N 1 0 0 0 1 0 0 0
